51561565621532152156126586821651656561561651
56478465165156123521515615615615315156156156156
5156151561561515415616156132111056561
451541651
51561565621532152156126586821651656561561651
56478465165156123521515615615615315156156156156
5156151561561515415616156132111056561
451541651
51561565621532152156126586821651656561561651
56478465165156123521515615615615315156156156156
5156151561561515415616156132111056561
451541651
51561565621532152156126586821651656561561651
56478465165156123521515615615615315156156156156
5156151561561515415616156132111056561
451541651
51561565621532152156126586821651656561561651
56478465165156123521515615615615315156156156156
5156151561561515415616156132111056561
451541651
51561565621532152156126586821651656561561651
56478465165156123521515615615615315156156156156
5156151561561515415616156132111056561
451541651
51561565621532152156126586821651656561561651
56478465165156123521515615615615315156156156156
5156151561561515415616156132111056561
451541651
5156156562153215215612658682165165656ллллю╫1561651
56478465165156123521515615615615315156156156156
5156151561561515415616156132111056561
451541651
51561565621532152156126586821651656561561651
56478465165156123521515615615615315156156156156
5156151561561515415616156132111056561
451541651
51561565621532152156126586821651656561561651
56478465165156123521515615615615315156156156156
5156151561561515415616156132111056561
451541651
51561565621532152156126586821651656561561651
56478465165156123521515615615615315156156156156
5156151561561515415616156132111056561
451541651
51561565621532152156126586821651656561561651
56478465165156123521515615615615315156156156156
5156151561561515415616156132111056561
451541651
51561565621532152156126586821651656561561651
56478465165156123521515615615615315156156156156
5156151561561515415616156132111056561
451541651
51561565621532152156126586821651656561561651
56478465165156123521515615615615315156156156156
5156151561561515415616156132111056561
451541651
51561565621532152156126586821651656561561651
56478465165156123521515615615ллллю╫615315156156156156
5156151561561515415616156132111056561
451541651
51561565621532152156126586821651656561561651
56478465165156123521515615615615315156156156156
5156151561561515415616156132111056561
451541651
51561565621532152156126586821651656561561651
56478465165156123521515615615615315156156156156
5156151561561515415616156132111056561
451541651
51561565621532152156126586821651656561561651
56478465165156123521515615615615315156156156156
5156151561561515415616156132111056561
451541651
51561565621532152156126586821651656561561651
56478465165156123521515615615615315156156156156
5156151561561515415616156132111056561
451541651
51561565621532152156126586821651656561561651
56478465165156123521515615615615315156156156156
5156151561561515415616156132111056561
451541651
51561565621532152156126586821651656561561651
56478465165156123521515615615615315156156156156
5156151561561515415616156132111056561
451541651
51561565621532152156126586821651656561561651
56478465165156123521515615615615315156156156156
515615156156151541ллллю╫5616156132111056561
451541651
51561565621532152156126586821651656561561651
56478465165156123521515615615615315156156156156
5156151561561515415616156132111056561
451541651
51561565621532152156126586821651656561561651
56478465165156123521515615615615315156156156156
5156151561561515415616156132111056561
451541651
51561565621532152156126586821651656561561651
56478465165156123521515615615615315156156156156
5156151561561515415616156132111056561
451541651
51561565621532152156126586821651656561561651
56478465165156123521515615615615315156156156156
5156151561561515415616156132111056561
451541651
51561565621532152156126586821651656561561651
56478465165156123521515615615615315156156156156
5156151561561515415616156132111056561
451541651
51561565621532152156126586821651656561561651
56478465165156123521515615615615315156156156156
5156151561561515415616156132111056561
451541651
51561565621532152156126586821651656561561651
56478465165156123521515615615615315156156156156
5156151561561515415616156132111056561
451541651
5156156ллллю╫5621532152156126586821651656561561651
56478465165156123521515615615615315156156156156
5156151561561515415616156132111056561
451541651
51561565621532152156126586821651656561561651
56478465165156123521515615615615315156156156156
5156151561561515415616156132111056561
451541651
51561565621532152156126586821651656561561651
56478465165156123521515615615615315156156156156
5156151561561515415616156132111056561
451541651
51561565621532152156126586821651656561561651
56478465165156123521515615615615315156156156156
5156151561561515415616156132111056561
451541651
51561565621532152156126586821651656561561651
56478465165156123521515615615615315156156156156
5156151561561515415616156132111056561
451541651
51561565621532152156126586821651656561561651
56478465165156123521515615615615315156156156156
5156151561561515415616156132111056561
451541651
51561565621532152156126586821651656561561651
56478465165156123521515615615615315156156156156
5156151561561515415616156132111056561
451541651
51561565621532152156126586821651656561561651ллллю╫
56478465165156123521515615615615315156156156156
5156151561561515415616156132111056561
451541651
51561565621532152156126586821651656561561651
56478465165156123521515615615615315156156156156
5156151561561515415616156132111056561
451541651
51561565621532152156126586821651656561561651
56478465165156123521515615615615315156156156156
5156151561561515415616156132111056561
451541651
51561565621532152156126586821651656561561651
56478465165156123521515615615615315156156156156
5156151561561515415616156132111056561
451541651
51561565621532152156126586821651656561561651
56478465165156123521515615615615315156156156156
5156151561561515415616156132111056561
451541651
51561565621532152156126586821651656561561651
56478465165156123521515615615615315156156156156
5156151561561515415616156132111056561
451541651
51561565621532152156126586821651656561561651
56478465165156123521515615615615315156156156156
5156151561561515415616156132111056561
451541651
51561565621532152156126586821651656561561651
564784651651561235215156156156153151ллллю╫56156156156
5156151561561515415616156132111056561
451541651
51561565621532152156126586821651656561561651
56478465165156123521515615615615315156156156156
5156151561561515415616156132111056561
451541651
51561565621532152156126586821651656561561651
56478465165156123521515615615615315156156156156
5156151561561515415616156132111056561
451541651
51561565621532152156126586821651656561561651
56478465165156123521515615615615315156156156156
5156151561561515415616156132111056561
451541651
51561565621532152156126586821651656561561651
56478465165156123521515615615615315156156156156
5156151561561515415616156132111056561
451541651
51561565621532152156126586821651656561561651
56478465165156123521515615615615315156156156156
5156151561561515415616156132111056561
451541651
51561565621532152156126586821651656561561651
56478465165156123521515615615615315156156156156
5156151561561515415616156132111056561
451541651
51561565621532152156126586821651656561561651
56478465165156123521515615615615315156156156156
5156151561561515415616156ллллю╫132111056561
451541651
51561565621532152156126586821651656561561651
56478465165156123521515615615615315156156156156
5156151561561515415616156132111056561
451541651
51561565621532152156126586821651656561561651
56478465165156123521515615615615315156156156156
5156151561561515415616156132111056561
451541651
51561565621532152156126586821651656561561651
56478465165156123521515615615615315156156156156
5156151561561515415616156132111056561
451541651
51561565621532152156126586821651656561561651
56478465165156123521515615615615315156156156156
5156151561561515415616156132111056561
451541651
51561565621532152156126586821651656561561651
56478465165156123521515615615615315156156156156
5156151561561515415616156132111056561
451541651
51561565621532152156126586821651656561561651
56478465165156123521515615615615315156156156156
5156151561561515415616156132111056561
451541651
51561565621532152156126586821651656561561651
56478465165156123521515615615615315156156156156
5156151561561515415616156132111056561
451541651
51561565621532ллллю╫152156126586821651656561561651
56478465165156123521515615615615315156156156156
5156151561561515415616156132111056561
451541651
51561565621532152156126586821651656561561651
56478465165156123521515615615615315156156156156
5156151561561515415616156132111056561
451541651
51561565621532152156126586821651656561561651
56478465165156123521515615615615315156156156156
5156151561561515415616156132111056561
451541651
51561565621532152156126586821651656561561651
56478465165156123521515615615615315156156156156
5156151561561515415616156132111056561
451541651
51561565621532152156126586821651656561561651
56478465165156123521515615615615315156156156156
5156151561561515415616156132111056561
451541651
51561565621532152156126586821651656561561651
56478465165156123521515615615615315156156156156
5156151561561515415616156132111056561
451541651
51561565621532152156126586821651656561561651
56478465165156123521515615615615315156156156156
5156151561561515415616156132111056561
451541651
51561565621532152156126586821651656561561651
564784ллллю╫65165156123521515615615615315156156156156
5156151561561515415616156132111056561
451541651
51561565621532152156126586821651656561561651
56478465165156123521515615615615315156156156156
5156151561561515415616156132111056561
451541651
51561565621532152156126586821651656561561651
56478465165156123521515615615615315156156156156
5156151561561515415616156132111056561
451541651
51561565621532152156126586821651656561561651
56478465165156123521515615615615315156156156156
5156151561561515415616156132111056561
451541651
51561565621532152156126586821651656561561651
56478465165156123521515615615615315156156156156
5156151561561515415616156132111056561
451541651
51561565621532152156126586821651656561561651
56478465165156123521515615615615315156156156156
5156151561561515415616156132111056561
451541651
51561565621532152156126586821651656561561651
56478465165156123521515615615615315156156156156
5156151561561515415616156132111056561
451541651
51561565621532152156126586821651656561561651
5647846516515612352151561561561531515615615ллллю╫6156
5156151561561515415616156132111056561
451541651
51561565621532152156126586821651656561561651
56478465165156123521515615615615315156156156156
5156151561561515415616156132111056561
451541651
51561565621532152156126586821651656561561651
56478465165156123521515615615615315156156156156
5156151561561515415616156132111056561
451541651
51561565621532152156126586821651656561561651
56478465165156123521515615615615315156156156156
5156151561561515415616156132111056561
451541651
51561565621532152156126586821651656561561651
56478465165156123521515615615615315156156156156
5156151561561515415616156132111056561
451541651
51561565621532152156126586821651656561561651
56478465165156123521515615615615315156156156156
5156151561561515415616156132111056561
451541651
51561565621532152156126586821651656561561651
56478465165156123521515615615615315156156156156
5156151561561515415616156132111056561
451541651
51561565621532152156126586821651656561561651
56478465165156123521515615615615315156156156156
51561515615615154156161561321110ллллю╫56561
451541651
51561565621532152156126586821651656561561651
56478465165156123521515615615615315156156156156
5156151561561515415616156132111056561
451541651
51561565621532152156126586821651656561561651
56478465165156123521515615615615315156156156156
5156151561561515415616156132111056561
451541651
51561565621532152156126586821651656561561651
56478465165156123521515615615615315156156156156
5156151561561515415616156132111056561
451541651
51561565621532152156126586821651656561561651
56478465165156123521515615615615315156156156156
5156151561561515415616156132111056561
451541651
51561565621532152156126586821651656561561651
56478465165156123521515615615615315156156156156
5156151561561515415616156132111056561
451541651
51561565621532152156126586821651656561561651
56478465165156123521515615615615315156156156156
5156151561561515415616156132111056561
451541651
51561565621532152156126586821651656561561651
56478465165156123521515615615615315156156156156
5156151561561515415616156132111056561
451541651
515615656215321521561ллллю╫26586821651656561561651
56478465165156123521515615615615315156156156156
5156151561561515415616156132111056561
451541651
51561565621532152156126586821651656561561651
56478465165156123521515615615615315156156156156
5156151561561515415616156132111056561
451541651
51561565621532152156126586821651656561561651
56478465165156123521515615615615315156156156156
5156151561561515415616156132111056561
451541651
51561565621532152156126586821651656561561651
56478465165156123521515615615615315156156156156
5156151561561515415616156132111056561
451541651
51561565621532152156126586821651656561561651
56478465165156123521515615615615315156156156156
5156151561561515415616156132111056561
451541651
51561565621532152156126586821651656561561651
56478465165156123521515615615615315156156156156
5156151561561515415616156132111056561
451541651
51561565621532152156126586821651656561561651
56478465165156123521515615615615315156156156156
5156151561561515415616156132111056561
451541651
51561565621532152156126586821651656561561651
5647846516515ллллю╫6123521515615615615315156156156156
5156151561561515415616156132111056561
451541651
51561565621532152156126586821651656561561651
56478465165156123521515615615615315156156156156
5156151561561515415616156132111056561
451541651
51561565621532152156126586821651656561561651
56478465165156123521515615615615315156156156156
5156151561561515415616156132111056561
451541651
51561565621532152156126586821651656561561651
56478465165156123521515615615615315156156156156
5156151561561515415616156132111056561
451541651
51561565621532152156126586821651656561561651
56478465165156123521515615615615315156156156156
5156151561561515415616156132111056561
451541651
51561565621532152156126586821651656561561651
56478465165156123521515615615615315156156156156
5156151561561515415616156132111056561
451541651
51561565621532152156126586821651656561561651
56478465165156123521515615615615315156156156156
5156151561561515415616156132111056561
451541651
51561565621532152156126586821651656561561651
56478465165156123521515615615615315156156156156
51ллллю╫56151561561515415616156132111056561
451541651
51561565621532152156126586821651656561561651
56478465165156123521515615615615315156156156156
5156151561561515415616156132111056561
451541651
51561565621532152156126586821651656561561651
56478465165156123521515615615615315156156156156
5156151561561515415616156132111056561
451541651
51561565621532152156126586821651656561561651
56478465165156123521515615615615315156156156156
5156151561561515415616156132111056561
451541651
51561565621532152156126586821651656561561651
56478465165156123521515615615615315156156156156
5156151561561515415616156132111056561
451541651
51561565621532152156126586821651656561561651
56478465165156123521515615615615315156156156156
5156151561561515415616156132111056561
451541651
51561565621532152156126586821651656561561651
56478465165156123521515615615615315156156156156
5156151561561515415616156132111056561
451541651
51561565621532152156126586821651656561561651
56478465165156123521515615615615315156156156156
5156151561561515415616156132111056561
4ллллю╫51541651
51561565621532152156126586821651656561561651
56478465165156123521515615615615315156156156156
5156151561561515415616156132111056561
451541651
51561565621532152156126586821651656561561651
56478465165156123521515615615615315156156156156
5156151561561515415616156132111056561
451541651
51561565621532152156126586821651656561561651
56478465165156123521515615615615315156156156156
5156151561561515415616156132111056561
451541651
51561565621532152156126586821651656561561651
56478465165156123521515615615615315156156156156
5156151561561515415616156132111056561
451541651
51561565621532152156126586821651656561561651
56478465165156123521515615615615315156156156156
5156151561561515415616156132111056561
451541651
51561565621532152156126586821651656561561651
56478465165156123521515615615615315156156156156
5156151561561515415616156132111056561
451541651
51561565621532152156126586821651656561561651
56478465165156123521515615615615315156156156156
5156151561561515415616156132111056561
451541651
5156156562153215215612658682ллллю╫1651656561561651
56478465165156123521515615615615315156156156156
5156151561561515415616156132111056561
451541651
51561565621532152156126586821651656561561651
56478465165156123521515615615615315156156156156
5156151561561515415616156132111056561
451541651
51561565621532152156126586821651656561561651
56478465165156123521515615615615315156156156156
5156151561561515415616156132111056561
451541651
51561565621532152156126586821651656561561651
56478465165156123521515615615615315156156156156
5156151561561515415616156132111056561
451541651
51561565621532152156126586821651656561561651
56478465165156123521515615615615315156156156156
5156151561561515415616156132111056561
451541651
51561565621532152156126586821651656561561651
56478465165156123521515615615615315156156156156
5156151561561515415616156132111056561
451541651
51561565621532152156126586821651656561561651
56478465165156123521515615615615315156156156156
5156151561561515415616156132111056561
451541651
51561565621532152156126586821651656561561651
56478465165156123521ллллю╫515615615615315156156156156
5156151561561515415616156132111056561
451541651
51561565621532152156126586821651656561561651
56478465165156123521515615615615315156156156156
5156151561561515415616156132111056561
451541651
51561565621532152156126586821651656561561651
56478465165156123521515615615615315156156156156
5156151561561515415616156132111056561
451541651
51561565621532152156126586821651656561561651
56478465165156123521515615615615315156156156156
5156151561561515415616156132111056561
451541651
51561565621532152156126586821651656561561651
56478465165156123521515615615615315156156156156
5156151561561515415616156132111056561
451541651
51561565621532152156126586821651656561561651
56478465165156123521515615615615315156156156156
5156151561561515415616156132111056561
451541651
51561565621532152156126586821651656561561651
56478465165156123521515615615615315156156156156
5156151561561515415616156132111056561
451541651
51561565621532152156126586821651656561561651
56478465165156123521515615615615315156156156156
515615156ллллю╫1561515415616156132111056561
451541651
51561565621532152156126586821651656561561651
56478465165156123521515615615615315156156156156
5156151561561515415616156132111056561
451541651
51561565621532152156126586821651656561561651
56478465165156123521515615615615315156156156156
5156151561561515415616156132111056561
451541651
51561565621532152156126586821651656561561651
56478465165156123521515615615615315156156156156
5156151561561515415616156132111056561
451541651
51561565621532152156126586821651656561561651
56478465165156123521515615615615315156156156156
5156151561561515415616156132111056561
451541651
51561565621532152156126586821651656561561651
56478465165156123521515615615615315156156156156
5156151561561515415616156132111056561
451541651
51561565621532152156126586821651656561561651
56478465165156123521515615615615315156156156156
5156151561561515415616156132111056561
451541651
51561565621532152156126586821651656561561651
56478465165156123521515615615615315156156156156
5156151561561515415616156132111056561
45154165ллллю╫1
51561565621532152156126586821651656561561651
56478465165156123521515615615615315156156156156
5156151561561515415616156132111056561
451541651
51561565621532152156126586821651656561561651
56478465165156123521515615615615315156156156156
5156151561561515415616156132111056561
451541651
51561565621532152156126586821651656561561651
56478465165156123521515615615615315156156156156
5156151561561515415616156132111056561
451541651
51561565621532152156126586821651656561561651
56478465165156123521515615615615315156156156156
5156151561561515415616156132111056561
451541651
51561565621532152156126586821651656561561651
56478465165156123521515615615615315156156156156
5156151561561515415616156132111056561
451541651
51561565621532152156126586821651656561561651
56478465165156123521515615615615315156156156156
5156151561561515415616156132111056561
451541651
51561565621532152156126586821651656561561651
56478465165156123521515615615615315156156156156
5156151561561515415616156132111056561
451541651
51561565621532152156126586821651656ллллю╫561561651
56478465165156123521515615615615315156156156156
5156151561561515415616156132111056561
451541651
51561565621532152156126586821651656561561651
56478465165156123521515615615615315156156156156
5156151561561515415616156132111056561
451541651
51561565621532152156126586821651656561561651
56478465165156123521515615615615315156156156156
5156151561561515415616156132111056561
451541651
51561565621532152156126586821651656561561651
56478465165156123521515615615615315156156156156
5156151561561515415616156132111056561
451541651
51561565621532152156126586821651656561561651
56478465165156123521515615615615315156156156156
5156151561561515415616156132111056561
451541651
51561565621532152156126586821651656561561651
56478465165156123521515615615615315156156156156
5156151561561515415616156132111056561
451541651
51561565621532152156126586821651656561561651
56478465165156123521515615615615315156156156156
5156151561561515415616156132111056561
451541651
51561565621532152156126586821651656561561651
564784651651561235215156156ллллю╫15615315156156156156
5156151561561515415616156132111056561
451541651
51561565621532152156126586821651656561561651
56478465165156123521515615615615315156156156156
5156151561561515415616156132111056561
451541651
51561565621532152156126586821651656561561651
56478465165156123521515615615615315156156156156
5156151561561515415616156132111056561
451541651
51561565621532152156126586821651656561561651
56478465165156123521515615615615315156156156156
5156151561561515415616156132111056561
451541651
51561565621532152156126586821651656561561651
56478465165156123521515615615615315156156156156
5156151561561515415616156132111056561
451541651
51561565621532152156126586821651656561561651
56478465165156123521515615615615315156156156156
5156151561561515415616156132111056561
451541651
51561565621532152156126586821651656561561651
56478465165156123521515615615615315156156156156
5156151561561515415616156132111056561
451541651
51561565621532152156126586821651656561561651
56478465165156123521515615615615315156156156156
5156151561561515ллллю╫415616156132111056561
451541651
51561565621532152156126586821651656561561651
56478465165156123521515615615615315156156156156
5156151561561515415616156132111056561
451541651
51561565621532152156126586821651656561561651
56478465165156123521515615615615315156156156156
5156151561561515415616156132111056561
451541651
51561565621532152156126586821651656561561651
56478465165156123521515615615615315156156156156
5156151561561515415616156132111056561
451541651
51561565621532152156126586821651656561561651
56478465165156123521515615615615315156156156156
5156151561561515415616156132111056561
451541651
51561565621532152156126586821651656561561651
56478465165156123521515615615615315156156156156
5156151561561515415616156132111056561
451541651
51561565621532152156126586821651656561561651
56478465165156123521515615615615315156156156156
5156151561561515415616156132111056561
451541651
51561565621532152156126586821651656561561651
56478465165156123521515615615615315156156156156
5156151561561515415616156132111056561
451541651
51561ллллю╫565621532152156126586821651656561561651
56478465165156123521515615615615315156156156156
5156151561561515415616156132111056561
451541651
51561565621532152156126586821651656561561651
56478465165156123521515615615615315156156156156
5156151561561515415616156132111056561
451541651
51561565621532152156126586821651656561561651
56478465165156123521515615615615315156156156156
5156151561561515415616156132111056561
451541651
51561565621532152156126586821651656561561651
56478465165156123521515615615615315156156156156
5156151561561515415616156132111056561
451541651
51561565621532152156126586821651656561561651
56478465165156123521515615615615315156156156156
5156151561561515415616156132111056561
451541651
51561565621532152156126586821651656561561651
56478465165156123521515615615615315156156156156
5156151561561515415616156132111056561
451541651
51561565621532152156126586821651656561561651
56478465165156123521515615615615315156156156156
5156151561561515415616156132111056561
451541651
515615656215321521561265868216516565615616ллллю╫51
56478465165156123521515615615615315156156156156
5156151561561515415616156132111056561
451541651
51561565621532152156126586821651656561561651
56478465165156123521515615615615315156156156156
5156151561561515415616156132111056561
451541651
51561565621532152156126586821651656561561651
56478465165156123521515615615615315156156156156
5156151561561515415616156132111056561
451541651
51561565621532152156126586821651656561561651
56478465165156123521515615615615315156156156156
5156151561561515415616156132111056561
451541651
51561565621532152156126586821651656561561651
56478465165156123521515615615615315156156156156
5156151561561515415616156132111056561
451541651
51561565621532152156126586821651656561561651
56478465165156123521515615615615315156156156156
5156151561561515415616156132111056561
451541651



15415616156132111056561
451541651
51561565621532152156126586821651656561561651
56478465165156123521515615615615315156156156156
5156151561561515415616156132111056561
451541651
515615656215321521561265868216516565615616ллллю╫